1.5; 2.7; 3.9
10.25, 20.5, 30.75
-1.5 -8.25 -4.75 -6.0 -8.125
11.2- 2.4 – 42.8-
-3.14 2.71 0.99 -12.5

1.0 6.5 1.25 7.75 9.9
1.5 -0.5 -8.25 -5.75
0.1; 0.2; 0.3
-10.5, -20.75, 30.125
1.25, 2.50, x3.75, 6.125
10..5 20.25 30.75
1.2.3 4.5 6.7
--1.5 -2.5 -3.5
-1.25 --8.75 -4.5

100.5 200.25 300.125
0.001 0.002 0.003
-0.001 -0.002 -0.003
999.999 888.888 777.777

1df 2.5ef dsfsaf3.75
abc1.5 2.5xyz 3.75
1.5abc 2.5 3.5
1.5 2x.5 3.5

1,5 2,75 3,125
-1,5 -2,75 -3,125
1.5; -2.75; 3.125
1.5 - 2.75 - 3.125

5.5 5.5 5.5
-10.0 0.0 10.0
1000000.5 -999999.75 0.125

12.34; 56.78; 90.12
-12.34; -56.78; -90.12
12.34, -56.78, 90.12
12.34 -56.78 --90.12

1.01 2.02 3.03 4.04 5.05
-1.01 -2.02 -3.03 -4.04 -5.05

3.14159 2.71828 1.61803
-3.14159 -2.71828 -1.61803

0.5 1.5 2.5 3.5 4.5
-0.5 -1.5 -2.5 -3.5 -4.5

10.0-20.0-30.0
10.0 – 20.0 – 30.0
10.0--20.0--30.0
-10.0 - -20.0 - -30.0

1.25 2.5 x3.75 4.0
7.5 8.25 nine.5 10.75
1e2 2e3 3e4
1.0E2 2.5E3 -3.5E2

1.2.3 4.56.7 8
1..5 2..5 3..5
.5 1.5 2.5
1. 2. 3.
+1.5 +2.5 +3.5

-0.0 0.0 -0.00 0.00
999999.999999 -999999.999999

1.5,2.5,3.5
1.5;2.5;3.5
1.5 2.5 3.5
1.5-2.5-3.5

abc 1.5 def 2.5 ghi 3.5
1.5abc2.5def3.5
1x5 2x5 3x5
1.5f 2.5f 3.5f

-1.25; -8.5; -4.75; -6.125; -8.875
11.5; 2.25; 42.75
1.125, 6.250, 1.375, 7.500, 9.625

100.1 200.2 300.3 400.4 500.5
-100.1 -200.2 -300.3 -400.4 -500.5

1.23456789 2.34567891 3.45678912
-1.23456789 -2.34567891 -3.45678912

1.5 2.5 3.5 extra
1.5 2.5 extra 3.5
extra 1.5 2.5 3.5
1.5 extra 2.5 extra 3.5
